% -------------------------------------------------------------------
%  Generated by MATLAB on 23-May-2017 21:34:54
%  MATLAB version: 9.2.0.556344 (R2017a)
% -------------------------------------------------------------------
                               

b = cell(2, 1);
b{1,1} = [1.3984589035636721; -1.1473808070371918; -0.97868434165990148; ...
          -0.55639893898282744; -0.256167955575031; -0.49405854908682956; ...
          -0.76686640399800954; 1.1924719300094142; 1.4862979751018786; ...
          1.7748659193866085];
b{2,1} = 0.50464310058007578;

