% -------------------------------------------------------------------
%  Generated by MATLAB on 23-May-2017 21:36:11
%  MATLAB version: 9.2.0.556344 (R2017a)
% -------------------------------------------------------------------
                             

IW = cell(2, 1);
IW{1,1} = [0.043469234409421138; -0.11712957765904082; 0.039615959702577426; ...
           1.4479276512923085; -0.021465533175723688; -0.257682569872971; ...
           0.31204008720094467; 0.20227496915226847; 0.35875303672567932; ...
           0.31236379148171844];

