% -------------------------------------------------------------------
%  Generated by MATLAB on 23-May-2017 21:36:36
%  MATLAB version: 9.2.0.556344 (R2017a)
% -------------------------------------------------------------------
                             

Lw = cell(2, 2);
Lw{1,1} = ...
  [0.25399977172518323 0.10107567283498599 -0.80908421969352706 0.782220635900764 ...
   0.1705754971945152 -0.72556955659046862 -0.34676079417052669 0.065832984775550316 ...
   -0.12924634524400175 -1.0539958676644234;
   0.57427745940794361 -0.96044180384289279 -0.49959110049326688 0.072814984712920514 ...
   0.33303143304332605 -0.91371820678995641 0.38844664148014374 -1.2986344135071064 ...
   0.429742720900576 0.034196300034768728;
   -0.13644162821311184 -0.61693072878792576 0.51879637392550693 0.064950899513027543 ...
   -0.22066238436766844 -0.10141274868998484 -0.066935706899325043 -1.7431572914599183 ...
   1.0958238728621781 0.69089668322803821;
   -0.20335629912829112 -1.0822240510553982 0.38349345076321378 -0.70921576989650725 ...
   0.46416858213173029 1.2221199871924671 -1.0154792146102576 -0.42811637810572123 ...
   0.44611092458581247 -0.027424278546321811;
   -0.27087588640919436 0.0912073809328455 -0.051632818863874962 0.58634040159422 ...
   0.65978360356239152 -0.571742800119622 0.56459210982050312 -0.20986234637072587 ...
   -0.90372483344072552 -0.727733639061301;
   -0.63607733533781918 0.14146587180231895 0.45572755082832789 1.5060791851940447 ...
   0.011532542571901738 -0.91781344027074951 -0.552684655987483 0.78563523197550544 ...
   1.0934597853777717 -0.17192106985483283;
   0.3967206134516309 0.315682366786138 -1.1351877601643292 -0.96695130524776662 ...
   -0.331591359114772 0.961992010232814 -0.49069511834291107 0.095815370114293835 ...
   0.299409301431213 0.62720017111638771;
   -0.16253530756210827 0.2628577797312498 -0.55991080569312091 -0.67276098048571076 ...
   0.53797055469044286 0.28074966664207684 -1.0202387159234922 1.7574314888079914 ...
   -0.66419092556681325 0.84397600902271064;
   -0.36584763305033569 -0.43153280589159171 0.4025106467223164 0.45854079226127703 ...
   -0.530339217439311 1.4536152584619142 0.43171819876099338 0.36200451948153645 ...
   0.00095882439710596643 0.2633170699700258;
   0.22245620869740101 0.015275612976011906 -1.0861995436543737 -0.68137134143566624 ...
   0.42102893415694714 0.78963730652855446 0.37683549414737244 0.22284283836213156 ...
   0.54295289079576514 -0.12073857158183642];
Lw{2,1} = [-0.45696426240480326 -0.374752018791705 1.3884816344235218 0.04345752116902396 ...
           -0.81974866663108714 0.06765303976197172 -0.20861049339380161 ...
           -0.87042708176252814 0.19378822883979574 -0.12517659582867441 ...
           ];

